<?xml version="1.0"?>
<opencv_storage>
<calibration_time>"Sat 10 Oct 2020 10:42:45 PM CST"</calibration_time>
<nr_of_frames>25</nr_of_frames>
<image_width>640</image_width>
<image_height>360</image_height>
<board_width>9</board_width>
<board_height>6</board_height>
<square_size>50.</square_size>
<fix_aspect_ratio>1.</fix_aspect_ratio>
<!-- flags: +fix_aspectRatio +fix_principal_point +zero_tangent_dist +fix_k4 +fix_k5 -->
<flags>6158</flags>
<fisheye_model>0</fisheye_model>
<camera_matrix type_id="opencv-matrix">
  <rows>3</rows>
  <cols>3</cols>
  <dt>d</dt>
  <data>
    4.2623532021011567e+02 0. 3.1950000000000000e+02 0.
    4.2623532021011567e+02 1.7950000000000000e+02 0. 0. 1.</data></camera_matrix>
<distortion_coefficients type_id="opencv-matrix">
  <rows>5</rows>
  <cols>1</cols>
  <dt>d</dt>
  <data>
    -5.0265494367671193e-01 4.7936468603286969e-01 0. 0.
    -3.2215037828743243e-01</data></distortion_coefficients>
<avg_reprojection_error>8.1822110908296242e-01</avg_reprojection_error>
<per_view_reprojection_errors type_id="opencv-matrix">
  <rows>25</rows>
  <cols>1</cols>
  <dt>f</dt>
  <data>
    8.10957611e-01 8.29023957e-01 8.18129480e-01 8.18053067e-01
    8.07237208e-01 8.13406706e-01 8.33940089e-01 8.12785327e-01
    8.16413879e-01 8.35387826e-01 8.06872547e-01 8.20211828e-01
    7.94459820e-01 8.02142084e-01 8.13399851e-01 8.11538935e-01
    8.36498022e-01 8.35507572e-01 8.27252924e-01 8.03074300e-01
    8.40984106e-01 8.22773516e-01 8.08615208e-01 8.28786552e-01
    8.05781841e-01</data></per_view_reprojection_errors>
<!-- a set of 6-tuples (rotation vector + translation vector) for each view -->
<extrinsic_parameters type_id="opencv-matrix">
  <rows>25</rows>
  <cols>6</cols>
  <dt>d</dt>
  <data>
    2.7527477169515119e-02 2.8894596372637679e-02 2.5635463904646234e-02
    -1.5181166426893068e+02 -1.3992001811083858e+02
    4.7033091521956021e+02 2.9705934845879963e-02 2.4300949234562899e-02
    3.0036805599629287e-02 -1.5017436204502661e+02
    -1.4471086339275138e+02 4.6741957148159833e+02
    2.7227472134375395e-02 2.3944995046660117e-02 3.0018947738766927e-02
    -1.5223511267978952e+02 -1.4403092482004431e+02
    4.6831491389476219e+02 2.6745451638544797e-02 2.3588717400471360e-02
    3.0493824975563053e-02 -1.5272794708146884e+02
    -1.4403690808642955e+02 4.6850873331383087e+02
    2.6895020408686961e-02 2.4328077000688363e-02 3.1166341408156547e-02
    -1.5109144072851481e+02 -1.4456520686376493e+02
    4.6836593628664218e+02 2.6173548344717849e-02 2.5290320188651665e-02
    2.8745293930970844e-02 -1.5159634360509665e+02
    -1.4363123248112834e+02 4.6885423961859664e+02
    2.5967485055124813e-02 2.5694072307407612e-02 2.8480451475665743e-02
    -1.5178357533653812e+02 -1.4297600082305343e+02
    4.6893460026021012e+02 2.3471005505094719e-02 2.5492965539122527e-02
    2.6788057842978125e-02 -1.5413182600164765e+02
    -1.4087743253447243e+02 4.6995679469356963e+02
    2.1585335945970511e-02 2.3719141573254197e-02 2.6750529239551058e-02
    -1.5581642725403336e+02 -1.3891568307965642e+02
    4.7156853354514220e+02 2.0136562551146757e-02 2.2552017789748576e-02
    2.6896107668904923e-02 -1.5839576033698336e+02
    -1.3954429130014620e+02 4.7209760008720775e+02
    2.1726525668977377e-02 2.0960246458986365e-02 2.2767153541413385e-02
    -1.6274508719724889e+02 -1.4185603252169685e+02
    4.7090228986068502e+02 2.0089577690281957e-02 1.8996506384082876e-02
    2.2834012562487835e-02 -1.6502613003630731e+02
    -1.4092426068755029e+02 4.7168346284691523e+02
    2.0449779024155630e-02 1.6208033254917750e-02 2.4308158457589792e-02
    -1.6807114392075604e+02 -1.4280720041290201e+02
    4.7072055239378443e+02 7.9159381219579897e-03
    -4.5731255917499372e-03 3.2783674792657945e-02
    -1.7946733989974749e+02 -1.3806975500978209e+02
    4.6930957687047385e+02 8.8413494021905049e-03
    -3.5001887017374845e-03 2.9239903026119597e-02
    -1.8050228328702218e+02 -1.3716026566909247e+02
    4.6894160063110536e+02 9.3511198253707073e-03
    -2.2978286784149198e-03 3.0367026260762899e-02
    -1.8127804792286281e+02 -1.3589036351961985e+02
    4.7011757867870517e+02 7.1646897176276762e-03
    -3.9031879889409259e-03 2.8434794015117355e-02
    -1.8488682956249343e+02 -1.3351951576920672e+02
    4.7044050051793812e+02 8.8617428270046303e-03
    -3.4410317484440782e-03 2.9948979884866653e-02
    -1.8384370929972596e+02 -1.3435658628726921e+02
    4.6999757511453936e+02 8.3074874612015012e-03
    -2.8916424458995957e-03 3.0103126464935358e-02
    -1.8258956609756299e+02 -1.3386249654201993e+02
    4.6997291703881046e+02 9.6504798186086913e-03
    -2.8562661471292529e-03 3.1368526342427198e-02
    -1.8185051010041215e+02 -1.3535361790559867e+02
    4.6964998364468966e+02 1.1153407859791208e-02
    -3.1054662031733057e-03 3.1616551155199145e-02
    -1.8135180568877701e+02 -1.3702787575891762e+02
    4.6887364572742820e+02 1.5419411166961843e-02
    -2.4005592111704856e-03 3.1681972660640025e-02
    -1.7905107378430898e+02 -1.4292701975992958e+02
    4.6608836120036398e+02 1.5996875065307285e-02
    -1.7200033214203481e-03 3.1796720766207896e-02
    -1.7803974539414028e+02 -1.4669369896619091e+02
    4.6484091305513959e+02 2.0136044909353112e-02 2.5330289049457610e-05
    3.2459734128811715e-02 -1.7649181714031963e+02
    -1.4807376112910148e+02 4.6373232071117678e+02
    2.0908010412412144e-02 3.9962138160848379e-03 3.2144944464653699e-02
    -1.7299817869436714e+02 -1.4881894986347473e+02
    4.6405907258792189e+02</data></extrinsic_parameters>
